t_0_cmplx	rAA1	iAA1	rBB1	iBB1	rfenmu	ifenmu	ABSfenmu
 0.010013192	 1.876465009	 0.000948766	 1.164267341	 0.006135967	 1.215003294	 0.000042682	 1.215003294
 0.010069690	 1.876463946	 0.000954140	 1.164265411	 0.006170578	 1.215002691	 0.000042892	 1.215002691
 0.010172079	 1.876462004	 0.000963879	 1.164261886	 0.006233302	 1.215001589	 0.000043273	 1.215001590
 0.010321674	 1.876459132	 0.000978110	 1.164256672	 0.006324943	 1.214999959	 0.000043826	 1.214999960
 0.010520375	 1.876455252	 0.000997017	 1.164249629	 0.006446666	 1.214997759	 0.000044555	 1.214997759
 0.010770725	 1.876450259	 0.001020845	 1.164240563	 0.006600024	 1.214994926	 0.000045464	 1.214994927
 0.011075958	 1.876444014	 0.001049906	 1.164229222	 0.006786998	 1.214991382	 0.000046559	 1.214991383
 0.011440064	 1.876436338	 0.001084586	 1.164215278	 0.007010028	 1.214987027	 0.000047842	 1.214987027
 0.011867868	 1.876427004	 0.001125355	 1.164198320	 0.007272065	 1.214981729	 0.000049320	 1.214981730
 0.012365123	 1.876415728	 0.001172770	 1.164177827	 0.007576628	 1.214975329	 0.000050995	 1.214975330
 0.012938629	 1.876402153	 0.001227497	 1.164153147	 0.007927874	 1.214967622	 0.000052866	 1.214967623
 0.013596369	 1.876385834	 0.001290317	 1.164123466	 0.008330681	 1.214958356	 0.000054929	 1.214958357
 0.014347671	 1.876366213	 0.001362149	 1.164087763	 0.008790749	 1.214947213	 0.000057172	 1.214947214
 0.015203405	 1.876342595	 0.001444070	 1.164044761	 0.009314714	 1.214933796	 0.000059571	 1.214933798
 0.016176208	 1.876314103	 0.001537341	 1.163992853	 0.009910289	 1.214917607	 0.000062083	 1.214917609
 0.017280752	 1.876279641	 0.001643438	 1.163930016	 0.010586421	 1.214898020	 0.000064643	 1.214898022
 0.018534062	 1.876237824	 0.001764091	 1.163853697	 0.011353482	 1.214874244	 0.000067143	 1.214874246
 0.019955883	 1.876186903	 0.001901333	 1.163760657	 0.012223489	 1.214845280	 0.000069422	 1.214845282
 0.021569111	 1.876124663	 0.002057558	 1.163646778	 0.013210360	 1.214809861	 0.000071234	 1.214809863
 0.023400305	 1.876048290	 0.002235591	 1.163506806	 0.014330207	 1.214766375	 0.000072216	 1.214766377
 0.025480281	 1.875954203	 0.002438783	 1.163334014	 0.015601690	 1.214712766	 0.000071825	 1.214712768
 0.027844805	 1.875837834	 0.002671128	 1.163119760	 0.017046405	 1.214646406	 0.000069264	 1.214646408
 0.030535411	 1.875693345	 0.002937408	 1.162852906	 0.018689352	 1.214563930	 0.000063356	 1.214563932
 0.033600351	 1.875513270	 0.003243386	 1.162519046	 0.020559449	 1.214461020	 0.000052371	 1.214461021
 0.037095717	 1.875288054	 0.003596056	 1.162099498	 0.022690131	 1.214332129	 0.000033759	 1.214332129
 0.041086732	 1.875005475	 0.004003962	 1.161569956	 0.025120013	 1.214170135	 0.000003766	 1.214170135
 0.045649284	 1.874649919	 0.004477617	 1.160898711	 0.027893624	 1.213965899	-0.000043158	 1.213965900
 0.050871692	 1.874201491	 0.005030042	 1.160044300	 0.031062198	 1.213707723	-0.000115223	 1.213707728
 0.056856783	 1.873634942	 0.005677445	 1.158952372	 0.034684494	 1.213380702	-0.000224609	 1.213380723
 0.063724298	 1.872918407	 0.006440052	 1.157551551	 0.038827610	 1.212965986	-0.000389430	 1.212966048
 0.071613704	 1.872011968	 0.007343084	 1.155747961	 0.043567684	 1.212440016	-0.000636692	 1.212440184
 0.080687447	 1.870866060	 0.008417777	 1.153417992	 0.048990364	 1.211773892	-0.001006738	 1.211774310
 0.091134740	 1.869419774	 0.009702291	 1.150398820	 0.055190809	 1.210933193	-0.001559947	 1.210934198
 0.103175937	 1.867599050	 0.011242143	 1.146476008	 0.062272863	 1.209878930	-0.002386773	 1.209881284
 0.117067596	 1.865314672	 0.013089646	 1.141367497	 0.070346851	 1.208570865	-0.003622764	 1.208576295
 0.133108318	 1.862459763	 0.015301649	 1.134703177	 0.079525143	 1.206975561	-0.005470826	 1.206987960
 0.151645461	 1.858906216	 0.017934901	 1.125999355	 0.089914226	 1.205083376	-0.008233865	 1.205111505
 0.173082850	 1.854499301	 0.021038682	 1.114627810	 0.101601445	 1.202941930	-0.012361765	 1.203005445
 0.197889589	 1.849049824	 0.024645148	 1.099780030	 0.114633851	 1.200719026	-0.018517048	 1.200861799
 0.226610126	 1.842324002	 0.028759016	 1.080429215	 0.128985738	 1.198816829	-0.027662363	 1.199135937
 0.259875671	 1.834032382	 0.033349611	 1.055296239	 0.144510782	 1.198072256	-0.041167553	 1.198779337
 0.298417137	 1.823819832	 0.038349663	 1.022832100	 0.160874712	 1.200095620	-0.060919233	 1.201640816
 0.343079712	 1.811256797	 0.043666437	 0.981239464	 0.177466543	 1.207814697	-0.089382580	 1.211117496
 0.394839208	 1.795825392	 0.049210200	 0.928570214	 0.193293024	 1.226284020	-0.129501572	 1.233103059
 0.454820299	 1.776882176	 0.054937068	 0.862952487	 0.206876028	 1.263737687	-0.184229142	 1.277095657
 0.524316742	 1.753572596	 0.060877236	 0.783011132	 0.216201033	 1.332616930	-0.255406126	 1.356871464
 0.604813662	 1.724702235	 0.067073198	 0.688528552	 0.218807757	 1.449824195	-0.341853970	 1.489581933
 0.698011912	 1.688681294	 0.073334124	 0.581309113	 0.212157614	 1.634970881	-0.437267110	 1.692433841
 0.805854500	 1.643813395	 0.078840491	 0.466013884	 0.194405325	 1.905815386	-0.529856532	 1.978100157
 0.930554966	 1.589161365	 0.081943445	 0.350432640	 0.165540194	 2.272634074	-0.606393146	 2.352143337
 1.074627546	 1.525735114	 0.080674126	 0.244455224	 0.128452047	 2.736984803	-0.660595575	 2.815576730
 1.240918802	 1.457072154	 0.074001017	 0.157364234	 0.088974039	 3.300008044	-0.699648342	 3.373360475
 1.432640307	 1.388311960	 0.062889249	 0.094351365	 0.054047429	 3.976920958	-0.740633749	 4.045298339
 1.653401804	 1.324121593	 0.049940158	 0.054559897	 0.028577202	 4.805833882	-0.798537933	 4.871724759
 1.907244075	 1.267143460	 0.037752608	 0.032402514	 0.013350085	 5.845198598	-0.878794194	 5.910890448
 2.198670559	 1.218056684	 0.027663549	 0.021047180	 0.005822867	 7.168910855	-0.980830203	 7.235696976
 2.532676544	 1.176515781	 0.019841509	 0.015218397	 0.002623143	 8.868459800	-1.104194515	 8.936935982
 2.914774515	 1.141795609	 0.013967523	 0.011930413	 0.001332555	11.059625793	-1.250023433	11.130044081
 3.351013988	 1.112978103	 0.009640644	 0.009843375	 0.000761812	13.888227081	-1.420129619	13.960645386
 3.847993910	 1.089138353	 0.006502482	 0.008412841	 0.000466617	17.538260931	-1.616593991	17.612608342
 4.412865470	 1.069608910	 0.004271689	 0.007392533	 0.000297222	22.248847188	-1.841818571	22.324952337
 5.053322933	 1.053996878	 0.002733379	 0.006646343	 0.000195021	28.335327720	-2.098588957	28.412934952
 5.777579941	 1.041880990	 0.001707778	 0.006087448	 0.000131271	36.199733943	-2.390008480	36.278545699
 6.594328582	 1.032513734	 0.001033365	 0.005654780	 0.000090073	46.321840858	-2.719332244	46.401591658
 7.512678508	 1.024930732	 0.000578681	 0.005305760	 0.000062417	59.251170918	-3.089871798	59.331682623
 8.542073413	 1.018450617	 0.000262395	 0.005016489	 0.000043427	75.644787640	-3.505099541	75.725950769
 9.692182395	 1.012990136	 0.000049921	 0.004778024	 0.000030475	96.354165078	-3.968752301	96.435865334
10.972764030	 1.008806895	-0.000073966	 0.004586851	 0.000021869	122.490274340	-4.484716690	122.572345950
12.393501513	 1.005983878	-0.000129224	 0.004436853	 0.000016258	155.400861641	-5.056831358	155.483115939
13.963807889	 1.004218059	-0.000143104	 0.004317921	 0.000012544	196.594412495	-5.688773515	196.676702149
15.692601288	 1.003041832	-0.000139110	 0.004219648	 0.000009961	247.716180784	-6.383996994	247.798429454
17.588051167	 1.002114577	-0.000130105	 0.004134786	 0.000008062	310.607179840	-7.145657596	310.689363498
19.657297797	 1.001289851	-0.000120577	 0.004059496	 0.000006613	387.364829322	-7.976510333	387.446945675
21.906148692	 1.000528487	-0.000111498	 0.003991828	 0.000005485	480.344716792	-8.878782543	480.426768332
24.338757225	 0.999822525	-0.000102992	 0.003930572	 0.000004595	592.122876710	-9.854037080	592.204865879
26.957290276	 0.999168627	-0.000095063	 0.003874827	 0.000003884	725.445718032	-10.903035482	725.527646609
29.761593434	 0.998563416	-0.000087708	 0.003823875	 0.000003310	883.167393717	-12.025603391	883.249262928
32.748863801	 0.998003291	-0.000080918	 0.003777138	 0.000002841	1068.167514186	-13.220500412	1068.249324827
35.913341835	 0.997484712	-0.000074675	 0.003734146	 0.000002455	1283.246073520	-14.485298523	1283.327826036
39.246034815	 0.997004400	-0.000068954	 0.003694515	 0.000002133	1530.995204915	-15.816274101	1531.076899440
42.734485207	 0.996559406	-0.000063725	 0.003657929	 0.000001864	1813.649278554	-17.208319005	1813.730914949
46.362597513	 0.996147105	-0.000058955	 0.003624124	 0.000001636	2132.916969065	-18.654876299	2132.998546960
50.110536880	 0.995765168	-0.000054611	 0.003592880	 0.000001443	2489.801217827	-20.147906002	2489.882736678
53.954711788	 0.995411530	-0.000050661	 0.003564013	 0.000001278	2884.415321529	-21.677885789	2884.496780688
57.867851561	 0.995084365	-0.000047074	 0.003537365	 0.000001135	3315.805530283	-23.233850773	3315.886929085
61.819187099	 0.994782059	-0.000043821	 0.003512802	 0.000001012	3781.792320496	-24.803475374	3781.873658355
65.774740291	 0.994503197	-0.000040877	 0.003490208	 0.000000905	4278.843662168	-26.373198930	4278.924938684
69.697723996	 0.994246540	-0.000038220	 0.003469485	 0.000000812	4801.993876093	-27.928395041	4802.075091175
73.549050436	 0.994011017	-0.000035828	 0.003450549	 0.000000731	5344.820867301	-29.453582894	5344.902021280
77.287941481	 0.993795707	-0.000033684	 0.003433327	 0.000000660	5899.492500741	-30.932676919	5899.573594490
80.872629839	 0.993599841	-0.000031774	 0.003417759	 0.000000599	6456.889664296	-32.349269391	6456.970699339
84.261135722	 0.993422819	-0.000030085	 0.003403794	 0.000000545	7006.809480133	-33.686939035	7006.890458737
87.412099520	 0.993264378	-0.000028604	 0.003391390	 0.000000499	7538.248267934	-34.929577650	7538.329193157
90.285647492	 0.993125114	-0.000027319	 0.003380515	 0.000000459	8039.760770715	-36.061725236	8039.841646348
92.844264770	 0.993007201	-0.000026214	 0.003371151	 0.000000425	8499.880993789	-37.068899455	8499.961824143
95.053648322	 0.992913681	-0.000025270	 0.003363294	 0.000000398	8907.555868518	-37.937904174	8907.636658247
96.883512134	 0.992845177	-0.000024481	 0.003356955	 0.000000375	9252.537843940	-38.657120764	9252.618598349
98.308318868	 0.992798166	-0.000023858	 0.003352139	 0.000000359	9525.780918120	-39.216790033	9525.861643791
99.307923561	 0.992767976	-0.000023418	 0.003348833	 0.000000347	9719.892858485	-39.609252817	9719.973563408
99.868253170	 0.992751771	-0.000023172	 0.003347009	 0.000000341	9829.567864890	-39.829181067	9829.648558017

t_0_cmplx	rAA2	iAA2	rBB2	iBB2
 0.001553258	 0.992455220	 0.000000038	 0.003344688	-0.000000001
 0.008165938	 0.992455248	 0.000000197	 0.003344688	-0.000000003
 0.019989068	 0.992455383	 0.000000483	 0.003344689	-0.000000007
 0.036899976	 0.992455717	 0.000000892	 0.003344691	-0.000000012
 0.058719732	 0.992456271	 0.000001420	 0.003344695	-0.000000019
 0.085217119	 0.992457170	 0.000002060	 0.003344701	-0.000000028
 0.116111284	 0.992458889	 0.000002805	 0.003344712	-0.000000039
 0.151074753	 0.992461472	 0.000003649	 0.003344729	-0.000000050
 0.189736909	 0.992464866	 0.000004581	 0.003344751	-0.000000063
 0.231687926	 0.992469837	 0.000005589	 0.003344784	-0.000000077
 0.276483115	 0.992475847	 0.000006664	 0.003344823	-0.000000092
 0.323647637	 0.992483863	 0.000007791	 0.003344876	-0.000000108
 0.372681537	 0.992493113	 0.000008959	 0.003344936	-0.000000124
 0.423065043	 0.992504707	 0.000010153	 0.003345012	-0.000000141
 0.474264079	 0.992517737	 0.000011358	 0.003345097	-0.000000158
 0.525735921	 0.992532731	 0.000012564	 0.003345194	-0.000000176
 0.576934957	 0.992550207	 0.000013749	 0.003345307	-0.000000193
 0.627318463	 0.992568302	 0.000014907	 0.003345424	-0.000000210
 0.676352363	 0.992588671	 0.000016025	 0.003345555	-0.000000227
 0.723516885	 0.992611894	 0.000017078	 0.003345703	-0.000000243
 0.768312074	 0.992633734	 0.000018070	 0.003345842	-0.000000259
 0.810263091	 0.992655895	 0.000018997	 0.003345983	-0.000000273
 0.848925247	 0.992684551	 0.000019814	 0.003346161	-0.000000287
 0.883888716	 0.992711894	 0.000020527	 0.003346330	-0.000000299
 0.914782881	 0.992726080	 0.000021198	 0.003346423	-0.000000310
 0.941280268	 0.992746380	 0.000021757	 0.003346550	-0.000000320
 0.963100024	 0.992792731	 0.000022085	 0.003346822	-0.000000328
 0.980010932	 0.992820631	 0.000022343	 0.003346987	-0.000000335
 0.991834062	 0.992783356	 0.000022775	 0.003346781	-0.000000338
 0.998446742	 0.992798176	 0.000022878	 0.003346868	-0.000000341
